name: TELR_env
channels:
  - bioconda
  - conda-forge
  - defaults
dependencies:
  - _libgcc_mutex=0.1=conda_forge
  - _openmp_mutex=4.5=1_gnu
  - bcftools=1.9=h68d8f2e_9
  - bedtools=2.29.2=hc088bd4_0
  - biopython=1.78=py36h8c4c3a4_0
  - boost=1.67.0=py36h3e44d54_0
  - boost-cpp=1.67.0=h3a22d5f_0
  - bzip2=1.0.8=h516909a_3
  - c-ares=1.11.0=h470a237_1
  - ca-certificates=2020.6.20=hecda079_0
  - certifi=2020.6.20=py36h9f0ad1d_0
  - curl=7.71.1=he644dc0_5
  - cycler=0.10.0=py_2
  - decorator=4.4.2=py_0
  - freetype=2.10.2=he06d7ca_0
  - gmp=6.1.2=hf484d3e_1000
  - gnutls=3.5.19=h2a4e5f8_1
  - gsl=2.5=h294904e_1
  - hmmer=3.3.1=he1b5a44_0
  - htslib=1.9=h4da6232_3
  - icu=58.2=hf484d3e_1000
  - iqtree=2.0.3=h176a8bc_0
  - jpeg=9d=h516909a_0
  - k8=0.2.5=he513fc3_0
  - kiwisolver=1.2.0=py36hdb11119_0
  - krb5=1.17.1=hfafb76e_3
  - lcms2=2.11=hbd6801e_0
  - ld_impl_linux-64=2.34=hc38a660_9
  - libblas=3.8.0=17_openblas
  - libcblas=3.8.0=17_openblas
  - libcurl=7.71.1=hcdd3856_5
  - libdeflate=1.0=h14c3975_1
  - libedit=3.1.20191231=h46ee950_2
  - libev=4.33=h516909a_1
  - libffi=3.2.1=he1b5a44_1007
  - libgcc-ng=9.3.0=h24d8f2e_16
  - libgfortran-ng=7.5.0=hdf63c60_16
  - libgomp=9.3.0=h24d8f2e_16
  - liblapack=3.8.0=17_openblas
  - libnghttp2=1.41.0=hab1572f_1
  - libopenblas=0.3.10=pthreads_hb3c22a3_4
  - libpng=1.6.37=hed695b0_2
  - libssh2=1.9.0=hab1572f_5
  - libstdcxx-ng=9.3.0=hdf63c60_16
  - libtiff=4.1.0=hc7e4089_6
  - libwebp-base=1.1.0=h516909a_3
  - lz4-c=1.9.2=he1b5a44_3
  - mafft=7.471=h516909a_0
  - matplotlib-base=3.3.1=py36h5ffbc53_1
  - minimap2=2.17=hed695b0_3
  - ncurses=6.1=hf484d3e_1002
  - nettle=3.3=0
  - networkx=2.5=py_0
  - ngmlr=0.2.7=he513fc3_2
  - numpy=1.19.1=py36h3849536_2
  - olefile=0.46=py_0
  - openssl=1.1.1g=h516909a_1
  - pandas=1.0.0=py36hb3f55d8_0
  - pcre=8.44=he1b5a44_0
  - perl=5.26.2=h516909a_1006
  - perl-archive-tar=2.32=pl526_0
  - perl-carp=1.38=pl526_3
  - perl-compress-raw-bzip2=2.087=pl526he1b5a44_0
  - perl-compress-raw-zlib=2.087=pl526hc9558a2_0
  - perl-exporter=5.72=pl526_1
  - perl-exporter-tiny=1.002001=pl526_0
  - perl-extutils-makemaker=7.36=pl526_1
  - perl-io-compress=2.087=pl526he1b5a44_0
  - perl-io-zlib=1.10=pl526_2
  - perl-list-moreutils=0.428=pl526_1
  - perl-list-moreutils-xs=0.428=pl526_0
  - perl-pathtools=3.75=pl526h14c3975_1
  - perl-scalar-list-utils=1.52=pl526h516909a_0
  - perl-text-soundex=3.05=pl526_1000
  - perl-xsloader=0.24=pl526_0
  - pillow=7.2.0=py36h8328e55_1
  - pip=20.2.3=py_0
  - pyparsing=2.4.7=pyh9f0ad1d_0
  - pysam=0.15.3=py36hda2845c_1
  - python=3.6.10=h8356626_1011_cpython
  - python-dateutil=2.8.1=py_0
  - python_abi=3.6=1_cp36m
  - pytz=2020.1=pyh9f0ad1d_0
  - raxml=8.2.12=h516909a_2
  - readline=8.0=h46ee950_1
  - repeatmasker=4.0.7=pl526_13
  - rmblast=2.6.0=h4422958_0
  - samtools=1.9=h10a08f8_12
  - scipy=1.5.2=py36h3a855aa_0
  - seqtk=1.3=hed695b0_2
  - setuptools=49.6.0=py36h9f0ad1d_0
  - six=1.15.0=pyh9f0ad1d_0
  - sniffles=1.0.12=h8b12597_0
  - sqlite=3.32.3=hcee41ef_1
  - svim=1.4.1=py_0
  - tclap=1.2.1=h470a237_1
  - tk=8.6.10=hed695b0_0
  - tornado=6.0.4=py36h8c4c3a4_1
  - trf=4.09=2
  - wheel=0.35.1=pyh9f0ad1d_0
  - wtdbg=2.5=h8b12597_0
  - xz=5.2.5=h516909a_1
  - zlib=1.2.11=h516909a_1009
  - zstd=1.4.5=h6597ccf_2
prefix: /home/sh60271/miniconda/envs/TELR_env
